0	0	0	1	-1
0	1	0	2	-1
0	8	0	3	-1
0	9	0	4	-1
0	2	0	5	-1
0	5	0	6	-1
0	6	0	7	-1
0 	100	-1	8	-1
0	101	-1	9	-1
0	102	-1	10	-1
0	103	-1	11	-1
0	105	-1	12	-1
0	107	-1	13	-1
0	108	-1	14	-1
0	110	-1	15	-1
1	-1	1	103	1
2	-1	1	105	1
3	0	0	16	-1
3	109	-1	17	-1
4	0	0	16	-1
4	109	-1	18	-1
5	8	0	3	-1
5	9	0	4	-1
5	5	0	6	-1
5	6	0	7	-1
5	108	-1	19	-1
5	110	-1	20	-1
6	0	0	21	-1
6	111	-1	22	-1
7	0	0	16	-1
7	109	-1	23	-1
8	-2	0	24	-1
8	3	0	25	-1
8	4	0	26	-1
9	7	0	27	-1
9	-1	1	100	1
10	-1	1	101	1
11	0	0	28	-1
11	8	0	3	-1
11	9	0	4	-1
11	2	0	5	-1
11	5	0	6	-1
11	6	0	7	-1
11	-1	1	102	1
11	106	-1	29	-1
11	107	-1	30	-1
11	108	-1	14	-1
11	110	-1	15	-1
12	0	0	31	-1
12	1	0	32	-1
12	8	0	3	-1
12	9	0	4	-1
12	2	0	5	-1
12	5	0	6	-1
12	6	0	7	-1
12	-1	1	102	1
12	104	-1	33	-1
12	107	-1	34	-1
12	108	-1	14	-1
12	110	-1	15	-1
13	-1	1	105	1
14	-1	1	107	1
15	-1	1	107	1
16	-1	1	109	1
17	-1	1	108	2
18	-1	1	108	2
19	-1	1	107	2
20	-1	1	107	2
21	-1	1	111	1
22	-1	1	110	2
23	-1	1	108	2
24	-1	2	-1	-1
25	0	0	1	-1
25	1	0	2	-1
25	8	0	3	-1
25	9	0	4	-1
25	2	0	5	-1
25	5	0	6	-1
25	6	0	7	-1
25	101	-1	35	-1
25	102	-1	10	-1
25	103	-1	11	-1
25	105	-1	12	-1
25	107	-1	13	-1
25	108	-1	14	-1
25	110	-1	15	-1
26	0	0	1	-1
26	1	0	2	-1
26	8	0	3	-1
26	9	0	4	-1
26	2	0	5	-1
26	5	0	6	-1
26	6	0	7	-1
26	101	-1	36	-1
26	102	-1	10	-1
26	103	-1	11	-1
26	105	-1	12	-1
26	107	-1	13	-1
26	108	-1	14	-1
26	110	-1	15	-1
27	0	0	1	-1
27	1	0	2	-1
27	8	0	3	-1
27	9	0	4	-1
27	2	0	5	-1
27	5	0	6	-1
27	6	0	7	-1
27	102	-1	37	-1
27	103	-1	11	-1
27	105	-1	12	-1
27	107	-1	13	-1
27	108	-1	14	-1
27	110	-1	15	-1
28	-1	1	106	1
29	0	0	39	-1
29	8	0	3	-1
29	9	0	4	-1
29	2	0	5	-1
29	5	0	6	-1
29	6	0	7	-1
29	-1	1	102	2
29	107	-1	39	-1
29	108	-1	14	-1
29	110	-1	15	-1
30 	-1	1	106	1
31	-1	1	104	1
32	-1	1	105	2
33	0	0	28	-1
33	8	0	3	-1
33	9	0	4	-1
33	2	0	5	-1
33	5	0	6	-1
33	6	0	7	-1
33	-1	1	102	2
33	106	-1	40	-1
33	107	-1	30	-1
33	108	-1	14	-1
33	110	-1	15	-1
34	-1	1	105	2
35	7	0	27	-1
35	-1	1	100	3
36	7	0	27	-1
36	-1	1	100	3
37	-1	1	101	3
38	-1	1	106	2
39	-1	1	106	2
40	0	0	38	-1
40	8	0	3	-1
40	9	0	4	-1
40	2	0	5	-1
40	5	0	6	-1
40	6	0	7	-1
40	-1	1	102	3
40	107	-1	39	-1
40	108	-1	14	-1
40	110	-1	15	-1