0	0	0	1
0	1	0	2
0	9	0	3
0	10	0	4
0	3	0	5
0	6	0	6
0	7	0	7
0 	100	-1	8
0	101	-1	9
0	102	-1	10
0	103	-1	11
0	105	-1	12
0	107	-1	13
0	108	-1	14
0	110	-1	15
1	-1	1	103
2	-1	1	105
3	0	0	16
3	109	-1	17
4	0	0	16
4	109	-1	18
5	9	0	3	
5	10	0	4
5	6	0	6
5	7	0	7
5	108	-1	19
5	110	-1	20
6	0	0	21
6	111	-1	22
7	
7
8
8
8
9
9
10
11
11
11
11
11
11
11
11
11
11
11
12
12
12
12
12
12
12
12
12
12
12
12
13
14
15
16
17
18
19
20
21
22
23
24
25
25
25
25
26
26
26
26
27
27
27
27
28
29
29
29
29
29
29
29
29
29
29
30
31
32
33
33
33
33
33
33
33
33
33
33
33
34
35
37
37
37
37
37
37
37
37
37
37
37
37
37
37
38
38
38
38
38
38
38
38
38
38
38
38
38
38
39
39
39
39
39
39
39
39
39
39
39
39
39
40
41
42
42
42
42
42
42
42
42
42
42
43
44
44
45
45
46