0	0	0	1	-1
0	1	0	2	-1
0	2	0	3	-1
0	3	0	4	-1
0	4	0	5	-1
0 	100	-1	6	-1
0	101	-1	7	-1
0	102	-1	8	-1
0	104	-1	9	-1
0	106	-1	10	-1
0	107	-1	11	-1
0	109	-1	12	-1
1	-1	1	102	1
2	0	0	13	-1
2	108	-1	14	-1
3	0	0	13	-1
3	108	-1	15	-1
4	0	0	16	-1
4	110	-1	17	-1
5	0	0	13	-1
5	108	-1	18	-1
6	-2	0	19	-1
6	5	0	20	-1
7	-1	1	100	1
8	0	0	21	-1
8	1	0	2	-1
8	2	0	3	-1
8	3	0	4	-1
8	4	0	5	-1
8	-1	1	101	1
8	105	-1	22	-1
8	106	-1	23	-1
8	107	-1	11	-1
8	109	-1	12	-1
9	0	0	24	-1
9	1	0	2	-1
9	2	0	3	-1
9	3	0	4	-1
9	4	0	5	-1
9	-1	1	101	1
9	103	-1	25	-1
9	106	-1	26	-1
9	107	-1	11	-1
9	109	-1	12	-1
10	-1	1	104	1
11	-1	1	106	1
12	-1	1	106	1
13	-1	1	108	1
14	-1	1	107	2
15	-1	1	107	2
16	-1	1	110	1
17	-1	1	109	2
18	-1	1	107	2
19	-1	2	-1	-1
20	0	0	1	-1
20	1	0	2	-1
20	2	0	3	-1
20	3	0	4	-1
20	4	0	5	-1
20	101	-1	27	-1
20	102	-1	8	-1
20	104	-1	9	-1
20	106	-1	10	-1
20	107	-1	11	-1
20	109	-1	12	-1
21	-1	1	105	1
22	0	0	28	-1
22	1	0	2	-1
22	2	0	3	-1
22	3	0	4	-1
22	4	0	5	-1
22	-1	1	101	2
22	106	-1	29	-1
22	107	-1	11	-1
22	109	-1	12	-1
23	-1	1	105	1
24	-1	1	103	1
25	0	0	21	-1
25	1	0	2	-1
25	2	0	3	-1
25	3	0	4	-1
25	4	0	5	-1
25	-1	1	101	2
25	105	-1	30	-1
25	106	-1	23	-1
25	107	-1	11	-1
25	109	-1	12	-1
26	-1	1	104	2
27	-1	1	100	3
28	-1	1	105	2
29	-1	1	105	2
30	0	0	28	-1
30	1	0	2	-1
30	2	0	3	-1
30	3	0	4	-1
30	4	0	5	-1
30	-1	1	101	3
30	106	-1	29	-1
30	107	-1	11	-1
30	109	-1	12	-1