0	0	0	1	-1
0	1	0	2	-1
0	2	0	3	-1
0	3	0	4	-1
0	4	0	5	-1
0	5	0	6	-1
0 	100	-1	7	-1
0	101	-1	8	-1
0	102	-1	9	-1
0	104	-1	10	-1
0	106	-1	11	-1
0	107	-1	12	-1
0	109	-1	13	-1
1	-1	1	102	1
2	-1	1	104	1
3	0	0	14	-1
3	108	-1	15	-1
4	0	0	14	-1
4	108	-1	16	-1
5	0	0	17	-1
5	110	-1	18	-1
6	0	0	14	-1
6	108	-1	19	-1
7	-2	0	20	-1
7	6	0	21	-1
8	-1	1	100	1
9	0	0	22	-1
9	2	0	3	-1
9	3	0	4	-1
9	4	0	5	-1
9	5	0	6	-1
9	-1	1	101	1
9 	105	-1	23	-1
9 	106	-1	24	-1
9 	107	-1	12	-1
9 	109	-1	13	-1
10	0	0	25	-1
10	1	0	26	-1
10	2	0	3	-1
10	3	0	4	-1
10	4	0	5	-1
10	5	0	6	-1
10	-1	1	101	1
10	103	-1	27	-1
10	106	-1	28	-1
10	107	-1	12	-1
10	109	-1	13	-1
11	-1	1	104	1
12	-1	1	106	1
13	-1	1	106	1
14	-1	1	108	1
15	-1	1	107	2
16	-1	1	107	2
17	-1	1	110	1
18	-1	1	109	2
19	-1	1	107	2
20	-1	2	-1	-1
21	0	0	1	-1
21	1	0	2	-1
21	2	0	3	-1
21	3	0	4	-1
21	4	0	5	-1
21	5	0	6	-1
21	101	-1	29	-1
21	102	-1	9	-1
21	104	-1	10	-1
21	106	-1	11	-1
21	107	-1	12	-1
21	109	-1	13	-1
22	-1	1	105	1
23	0	0	30	-1
23	2	0	3	-1
23	3	0	4	-1
23	4	0	5	-1
23	5	0	6	-1
23	-1	1	101	2
23	106	-1	31	-1
23	107	-1	12	-1
23	109	-1	13	-1
24	-1	1	105	1
25	-1	1	103	1
26	-1	1	104	2
27	0	0	22	-1
27	2	0	3	-1
27	3	0	4	-1
27	4	0	5	-1
27	5	0	6	-1
27	-1	1	101	2
27	105	-1	32	-1
27	106	-1	24	-1
27	107	-1	12	-1
27	109	-1	13	-1
28	-1	1	104	2
29	-1	1	100	3
30	-1	1	105	2
31	-1	1	105	2
32	0	0	30	-1
32	2	0	3	-1
32	3	0	4	-1
32	4	0	5	-1
32	5	0	6	-1
32	-1	1	101	3
32	106	-1	31	-1
32	107	-1	12	-1
32	109	-1	13	-1